# parameters: hashtag creation-date tweet-year
organicfood 20200813 2020
# General: users relations
505 1525
# Users: ind tid tname friends followers otweets retweets/quotes replies likes
0 0 name0 129 67 22 1 1 13
1 1 name1 0 9 92 1 1 43
2 2 name2 3 4 17 0 0 9
3 3 name3 168 19 17 1160 6 27
4 4 name4 450 2178 929 668 644 42184
5 5 name5 155 34 12 179 50 193
6 6 name6 5 8 46 0 1 7
7 7 name7 2410 3174 838 18 0 1079
8 8 name8 888 432 32 156 35 24
9 9 name9 247 143 55 88 14 173
10 10 name10 4960 4243 337 341 0 215
11 11 name11 0 4 3 0 0 4
12 12 name12 123 131 196 2351 18 87
13 13 name13 755 1526 265 102 999 9971
14 14 name14 938 756 195 159 25 182
15 15 name15 26 22 36 6 12 11
16 16 name16 1003 1844 119 0 0 8
17 17 name17 173 44 110 238 27 191
18 18 name18 666 358 46 0 0 19
19 19 name19 724 698 307 120 17 754
20 20 name20 410 125 22 57 3 8
21 21 name21 972 303 26 3191 9 294
22 22 name22 1408 5482 13 2925 293 1040
23 23 name23 5 8 82 0 0 24
24 24 name24 197 140 125 496 81 74
25 25 name25 110 3 26 0 0 26
26 26 name26 106 80 82 14 280 458
27 27 name27 54 2317 3214 1 1 5887
28 28 name28 199 122 128 0 0 44
29 29 name29 32 101 74 0 0 8
30 30 name30 1664 478 54 736 84 79
31 31 name31 18 24 27 4 18 19
32 32 name32 530 131 170 3 2 25
33 33 name33 1950 3840 83 2960 179 985
34 34 name34 1262 2699 1002 870 585 4047
35 35 name35 96 97 124 0 0 18
36 36 name36 880 3784 0 3214 0 0
37 37 name37 54 98 237 0 0 11
38 38 name38 0 1 51 0 1 9
39 39 name39 2208 2439 1331 1894 6 109
40 40 name40 1332 1003 14 20 12 106
41 41 name41 3557 4530 97 85 21 84
42 42 name42 11 13441 0 3222 0 0
43 43 name43 824 814 98 55 14 303
44 44 name44 18 16687 8 16 1 9
45 45 name45 3 748 0 3218 0 0
46 46 name46 43 590 0 3235 0 0
47 47 name47 52 2 5 0 6 2
48 48 name48 588 881 0 3188 0 0
49 49 name49 1288 4230 7 0 0 8
50 50 name50 171 33 57 0 0 96
51 51 name51 105 125 1 2 0 7
52 52 name52 19 2 48 0 0 2
53 53 name53 29 122 319 0 2 47
54 54 name54 165 477 792 850 7 174
55 55 name55 920 1435 144 56 38 2041
56 56 name56 1 13 82 0 0 23
57 57 name57 402 79 44 0 85 11
58 58 name58 1 102 86 0 0 74
59 59 name59 1 9 90 0 0 8
60 60 name60 670 3255 1469 4 0 342
61 61 name61 2746 664128 213 522 10 30341
62 62 name62 158 316 37 1 1 55
63 63 name63 1414 667 43 0 0 10
64 64 name64 437 889 78 1185 1938 4660
65 65 name65 22 6 29 22 3 8
66 66 name66 11 8 66 2 2 106
67 67 name67 347 341 25 107 5 35
68 68 name68 315 208 149 5 117 542
69 69 name69 49 1108 0 3206 0 0
70 70 name70 10 4 30 0 0 0
71 71 name71 2812 426 1 0 0 0
72 72 name72 0 0 30 0 0 31
73 73 name73 618 171 261 802 541 394
74 74 name74 511 9447 109 2074 19 4817
75 75 name75 45 19 8 7 0 49
76 76 name76 381 498 57 1857 966 11484
77 77 name77 4961 1669 289 1017 423 882
78 78 name78 72 51 297 1518 358 527
79 79 name79 3309 9186 35 2918 14 7117
80 80 name80 290 622 79 0 0 18
81 81 name81 617 1144 24 2795 373 3178
82 82 name82 630 1200 304 1548 1319 5057
83 83 name83 188 308 3 2934 268 966
84 84 name84 5 1 7 0 3 6
85 85 name85 548 473 12 2713 133 264
86 86 name86 3 44904811 426 18 44 2065344
87 87 name87 238 275 51 2761 394 2202
88 88 name88 1686 479 91 1456 789 998
89 89 name89 571 565 75 2 0 43
90 90 name90 1844 2174 15 2440 761 3059
91 91 name91 2260 2319 25 2175 970 2609
92 92 name92 522 4959 65 2116 1036 34044
93 93 name93 281 99 76 1276 145 494
94 94 name94 5001 2681 498 2710 0 136
95 95 name95 691 245 96 647 20 598
96 96 name96 2167 2378 260 242 71 327
97 97 name97 1236 636 33 3162 5 9
98 98 name98 202 154 364 106 512 1141
99 99 name99 86 2 12 1 1 24
100 100 name100 236 4582056 283 33 4 646691
101 101 name101 634 194 79 48 3 9
102 102 name102 78 38 2 0 0 0
103 103 name103 358 30 9 67 58 47
104 104 name104 1658 1248 8 3036 151 664
105 105 name105 2844 3183 74 1435 1689 1447
106 106 name106 6571 8281 2 3156 0 11
107 107 name107 5188 4793 5 3162 37 35
108 108 name108 100 60 15 3211 23 39
109 109 name109 872 745 432 2 0 30
110 110 name110 457 218 35 25 1 27
111 111 name111 14 118 55 0 0 3
112 112 name112 516 1116 311 231 621 4541
113 113 name113 728 6561395 3149 8 51 214858
114 114 name114 422 59 187 0 0 63
115 115 name115 1184 1277 112 46 7 326
116 116 name116 179 160 25 3160 16 511
117 117 name117 110 562 192 0 1 90
118 118 name118 2901 23767 179 252 2785 15992
119 119 name119 3495 73191 280 163 73 5492
120 120 name120 114 34 53 1 0 4
121 121 name121 499 184 77 120 165 299
122 122 name122 15 6 13 4 0 12
123 123 name123 112 13 63 54 2 66
124 124 name124 1752 492 406 231 11 27
125 125 name125 10 20 222 0 0 46
126 126 name126 213 38 14 5 4 31
127 127 name127 1389 4294 14 38 24 32
128 128 name128 3031 2091 179 2645 379 2076
129 129 name129 1091 5835 361 440 1019 4757
130 130 name130 371 334 114 88 144 552
131 131 name131 614 453 214 208 6 17
132 132 name132 5598 6610 330 1 0 116
133 133 name133 229 55 20 7 2 2
134 134 name134 111 67 29 5 31 50
135 135 name135 1061 1684 18 167 71 316
136 136 name136 450 469 418 0 2 60
137 137 name137 276 220 345 0 1 79
138 138 name138 115 13 9 1 4 22
139 139 name139 456 993 173 598 104 1493
140 140 name140 40784 45142 48 3095 98 876
141 141 name141 24 1899 54 3170 0 4
142 142 name142 1308 1436 3 0 0 0
143 143 name143 5080 24976 462 1417 1346 4771
144 144 name144 5377 27336 441 261 36 6232
145 145 name145 1116 195 187 1550 22 48
146 146 name146 234 326 585 274 244 479
147 147 name147 306 6597 177 1 44 364
148 148 name148 496 741 299 2424 506 982
149 149 name149 1519 607 26 0 0 36
150 150 name150 1635 6374 401 1280 1525 8113
151 151 name151 3920 16775 148 48 79 2093
152 152 name152 813 2730 20 3177 9 96
153 153 name153 6 11 83 48 12 82
154 154 name154 6478 39655 324 2815 70 28545
155 155 name155 4883 1779 826 1734 105 1208
156 156 name156 70 367 54 9 39 122
157 157 name157 137 25 1 117 2 1
158 158 name158 5948 11391 263 1398 1564 28945
159 159 name159 5216 4969 493 253 198 1268
160 160 name160 263 2302 61 41 12 326
161 161 name161 18 45 28 0 45 164
162 162 name162 499 1325 73 2802 311 525
163 163 name163 283 24 144 138 166 96
164 164 name164 3445 39517 297 302 1509 10149
165 165 name165 1884 4571 13 148 15 75
166 166 name166 938 2115 3040 191 1 2926
167 167 name167 2056 2800 150 75 7 765
168 168 name168 700 211 21 0 0 5
169 169 name169 776 949 35 278 19 938
170 170 name170 12036 11096 23 2845 318 513
171 171 name171 437 599 3 32 93 247
172 172 name172 5391 8372 40 0 1 65
173 173 name173 92 971 301 511 195 5053
174 174 name174 4553 102085 626 184 778 17132
175 175 name175 6747 6131 427 684 2111 4682
176 176 name176 10143 9223 10 3169 17 81
177 177 name177 666 477 213 32 2783 2752
178 178 name178 45 21 16 0 4 14
179 179 name179 5001 4245 106 754 276 557
180 180 name180 3207 5070 56 29 83 487
181 181 name181 415 997 11 5 3 46
182 182 name182 900 1189 113 654 63 202
183 183 name183 23 600 0 3214 0 0
184 184 name184 29 55 80 23 94 202
185 185 name185 1360 2788 16 2 0 95
186 186 name186 1844 5068 281 739 8 1683
187 187 name187 635 643 0 3191 0 0
188 188 name188 246 152 4 0 0 1
189 189 name189 177 44 44 0 0 12
190 190 name190 2301 108 129 160 87 466
191 191 name191 120 35 9 209 5 36
192 192 name192 5502 6125 125 2808 219 1073
193 193 name193 22923 27181 474 1213 465 2562
194 194 name194 208 235 18 2865 51 76
195 195 name195 643 1436 224 35 2 185
196 196 name196 132 660 16 13 6 159
197 197 name197 293 113 163 3 7 43
198 198 name198 269 394 2042 0 0 95
199 199 name199 219 270804 13 13 3225 12434
200 200 name200 358 1433 492 19 1 849
201 201 name201 609 81 95 0 1 50
202 202 name202 81 30 355 265 50 78
203 203 name203 247 27224 559 2294 332 163701
204 204 name204 3591 2101 144 1412 1668 3404
205 205 name205 1118 677 111 0 1 54
206 206 name206 4623 1558 223 211 91 85
207 207 name207 677 1407 97 314 13 1001
208 208 name208 20 384 619 2610 0 6
209 209 name209 6 2 9 0 3 7
210 210 name210 14377 25063 26 0 18 130
211 211 name211 20 1 7 3 0 1
212 212 name212 3954 21201 63 61 11 380
213 213 name213 210 52 64 314 973 1082
214 214 name214 2156 1550 700 2105 396 1814
215 215 name215 288 109 210 78 144 327
216 216 name216 1913 4775 15 22 26 53
217 217 name217 2147 940 494 105 142 1091
218 218 name218 92664 102984 1537 468 80 28514
219 219 name219 278 23 45 13 18 141
220 220 name220 323 127 108 1 0 75
221 221 name221 1 6 29 1 1 81
222 222 name222 72 591 32 5 3 169
223 223 name223 1451 381 78 144 22 133
224 224 name224 4996 3448 0 2850 217 927
225 225 name225 30 3 44 7 0 30
226 226 name226 690 2502 18 16 0 69
227 227 name227 151 56 7 12 0 4
228 228 name228 1 40 111 0 0 64
229 229 name229 25710 58977 2421 701 118 2001
230 230 name230 129 22 68 0 0 56
231 231 name231 99 634 1 1751 5 2
232 232 name232 5002 889 1635 1436 86 167
233 233 name233 113 23 22 12 5 10
234 234 name234 92 22 37 430 93 63
235 235 name235 79 17 48 61 5 52
236 236 name236 2508 2124 650 987 1357 23056
237 237 name237 330 67 69 1 3 42
238 238 name238 277 17408 14 14 22 142
239 239 name239 700 478 75 34 154 348
240 240 name240 2447 170907 398 419 6 8649
241 241 name241 1031 24545 17 27 237 508
242 242 name242 27 31 15 8 4 126
243 243 name243 28575 28936 125 2048 508 1394
244 244 name244 1017 2185 300 217 133 444
245 245 name245 304 137 193 1752 206 1514
246 246 name246 6450 5855 97 3131 0 0
247 247 name247 4000 3408 292 6 25 649
248 248 name248 445 7277 369 150 16 6307
249 249 name249 6612 15131 867 4 0 438
250 250 name250 1672 3654 114 45 43 194
251 251 name251 0 189 154 0 0 52
252 252 name252 269 11 16 0 0 7
253 253 name253 167 25 272 0 0 193
254 254 name254 253 12936 228 157 591 6676
255 255 name255 2840 519 173 0 0 25
256 256 name256 2131 622 11 3178 40 54
257 257 name257 625 689 98 986 115 728
258 258 name258 804 642 0 1237 611 1207
259 259 name259 7 33 47 57 0 696
260 260 name260 684 112 51 0 5 43
261 261 name261 703 2986 150 175 432 5549
262 262 name262 1276 264 27 82 79 123
263 263 name263 16 60 334 0 0 76
264 264 name264 4 0 30 0 0 20
265 265 name265 57 53 0 0 0 0
266 266 name266 388 142 0 9 0 0
267 267 name267 31 12 29 3 0 63
268 268 name268 25710 23408 1661 1581 0 2752
269 269 name269 1 29 8 0 0 10
270 270 name270 1071 1380 102 360 20 346
271 271 name271 134 390 146 1 0 268
272 272 name272 1321 578 78 724 551 804
273 273 name273 0 0 29 0 0 5
274 274 name274 56 6 13 21 1 36
275 275 name275 409 280 134 3 7 111
276 276 name276 68 2 13 0 0 2
277 277 name277 1213 259 83 217 263 434
278 278 name278 380 3585 136 745 23 97
279 279 name279 8227 8768 202 566 2424 7200
280 280 name280 1682 3571 63 283 114 843
281 281 name281 553 1137 0 0 0 0
282 282 name282 453 103 73 33 16 11
283 283 name283 361 38 1 35 2 4
284 284 name284 1962 328 290 0 2 43
285 285 name285 83 14 175 2 2 72
286 286 name286 95 37825223 248 210 1894 65330342
287 287 name287 877 111 369 22 8 544
288 288 name288 179 753 94 2 2 234
289 289 name289 1826 2135 284 2471 478 1744
290 290 name290 6910 63498 89 12 3052 4177
291 291 name291 3857 3920 2550 0 1 293
292 292 name292 46 0 4 0 0 0
293 293 name293 495 330 132 24 34 124
294 294 name294 232 14 6 4 234 378
295 295 name295 599 123330 70 6 539 3222
296 296 name296 231 32 7 132 5 17
297 297 name297 199 67 23 50 52 14
298 298 name298 238 155 1 45 24 98
299 299 name299 14 11 1412 0 1 39
300 300 name300 4999 1587 70 4 21 44
301 301 name301 636 584 57 6 10 179
302 302 name302 2869 3291 54 2719 397 735
303 303 name303 3759 3763 798 1228 4 134
304 304 name304 610 75 609 319 19 114
305 305 name305 13 8 41 10 70 167
306 306 name306 2102 590 613 1044 0 170
307 307 name307 13 102 14 0 0 2
308 308 name308 576 690 16 4 1 26
309 309 name309 1580 2761 69 0 11 48
310 310 name310 37 31 35 0 0 3
311 311 name311 1201 1464 3 682 1 158
312 312 name312 1752 5039 578 1184 1451 4878
313 313 name313 493 69 126 19 56 45
314 314 name314 75 200 15 0 53 27
315 315 name315 3211 4253 236 3 0 64
316 316 name316 1134 1866 38 7 7 23
317 317 name317 1619 2848 64 356 84 803
318 318 name318 14520 60176 64 49 147 620
319 319 name319 245 68 18 0 0 5
320 320 name320 106 8 15 13 0 27
321 321 name321 312 267 10 65 34 36
322 322 name322 0 70 47 1 0 6
323 323 name323 3829 6639 2699 6 39 19027
324 324 name324 45 22 40 5 0 33
325 325 name325 1609 1632 36 4 4 32
326 326 name326 238 23749 2711 0 0 2972
327 327 name327 56063 63023 0 2902 330 1070
328 328 name328 10409 11703 3233 0 0 1206
329 329 name329 2118 4559 125 171 63 1333
330 330 name330 271 666 53 150 0 119
331 331 name331 7571 7823 239 108 4 859
332 332 name332 126 98 29 46 0 7
333 333 name333 26 71 0 0 0 0
334 334 name334 84 195 367 2855 2 707
335 335 name335 1460 1119 51 72 14 379
336 336 name336 296 401 355 551 42 1088
337 337 name337 16 15 158 4 18 132
338 338 name338 17706 33591 180 11 63 8702
339 339 name339 259 73 92 33 15 168
340 340 name340 494 17 13 138 27 62
341 341 name341 0 0 32 0 1 2
342 342 name342 21 87 473 590 201 214
343 343 name343 9 1 14 1 0 3
344 344 name344 70 37 121 7 16 158
345 345 name345 1186 129 797 9 10 438
346 346 name346 143 167 165 8 13 99
347 347 name347 1000 161206 524 843 13 36875
348 348 name348 24 75795 1518 4 0 54086
349 349 name349 24 6 35 0 0 31
350 350 name350 60 14 12 2 0 24
351 351 name351 18 18 23 1 42 101
352 352 name352 4388 473 31 2556 619 897
353 353 name353 0 0 6 0 2 1
354 354 name354 0 0 30 0 0 0
355 355 name355 34 2 8 128 1 7
356 356 name356 4 4 35 68 0 44
357 357 name357 108 33 43 193 693 1119
358 358 name358 163 317 131 12 31 237
359 359 name359 3402 2838 280 444 355 1553
360 360 name360 911 10773 326 11 19 1333
361 361 name361 201 49 129 119 129 433
362 362 name362 0 10 34 0 0 5
363 363 name363 280 85 41 15 27 84
364 364 name364 1746 1060 152 0 0 281
365 365 name365 18 3 195 0 0 61
366 366 name366 4087 5193 440 31 81 1140
367 367 name367 138 4 60 3 0 9
368 368 name368 300 780 75 2280 837 4604
369 369 name369 0 2 43 1 0 73
370 370 name370 581 366 218 169 327 1975
371 371 name371 1085 128760 224 21 84 3191
372 372 name372 4119 3611 1 3213 7 5
373 373 name373 178 319 28 17 9 45
374 374 name374 200 490 37 65 96 170
375 375 name375 9578 8526 667 1692 861 831
376 376 name376 3 283 0 2156 0 0
377 377 name377 298 111 304 90 0 124
378 378 name378 18 15 21 0 1 20
379 379 name379 1480 1417 24 2521 539 848
380 380 name380 467 2288 224 1463 722 11406
381 381 name381 47 27 529 43 4 534
382 382 name382 35 50 99 0 0 26
383 383 name383 102 7 8 94 36 72
384 384 name384 92 6 40 1 1 11
385 385 name385 926 3158 2904 328 0 532
386 386 name386 1235 468450 212 283 93 65096
387 387 name387 93 68 5 35 10 19
388 388 name388 1 14 1 0 0 3
389 389 name389 382 491 371 16 13 171
390 390 name390 8 0 1 0 0 0
391 391 name391 1741 2161 224 1581 1396 6394
392 392 name392 193 819 123 10 32 861
393 393 name393 1601 425 326 471 8 82
394 394 name394 358 92 4 8 1 6
395 395 name395 3891 1508 1170 2022 12 203
396 396 name396 1260 397 162 0 0 189
397 397 name397 20921 22020 1558 1658 18 3983
398 398 name398 9491 11003 2810 361 50 5238
399 399 name399 6 0 8 0 0 0
400 400 name400 1051 331 670 2 1 87
401 401 name401 504 222 35 0 5 0
402 402 name402 0 3 18 0 1 22
403 403 name403 474 689 43 2366 803 1506
404 404 name404 106 30 16 24 13 48
405 405 name405 81 23 37 7 5 60
406 406 name406 648 1872 93 2644 465 4876
407 407 name407 1125 72185792 594 161 2118 2302077
408 408 name408 3 9 18 1 0 43
409 409 name409 3872 3472 0 3203 0 0
410 410 name410 14 898 0 3167 0 0
411 411 name411 201 148 97 1026 317 1145
412 412 name412 49 7 149 2 5 41
413 413 name413 682 110 0 33 1 0
414 414 name414 4862 5478 41 1747 479 365
415 415 name415 8 7 10 0 3 24
416 416 name416 873 682 117 184 486 386
417 417 name417 457 2956983 371 235 61 5886726
418 418 name418 402 130 138 0 0 8
419 419 name419 1 6140 0 3164 0 0
420 420 name420 1338 1399 547 113 314 714
421 421 name421 5022 7034 17 101 11 270
422 422 name422 13 129 0 2823 8 1
423 423 name423 309 346 256 1248 1154 1575
424 424 name424 198 34 151 4 0 39
425 425 name425 414 508 75 77 95 486
426 426 name426 3402 3497 105 1603 1485 4384
427 427 name427 774 165 148 0 0 20
428 428 name428 370 145 4 17 2 1
429 429 name429 113 137 20 162 6 9
430 430 name430 4401 2820 104 2063 1044 1303
431 431 name431 754 218 42 97 2 121
432 432 name432 10529 27915 4 3176 45 87
433 433 name433 1759 2699 1770 1321 149 3132
434 434 name434 4177 4677 312 29 29 105
435 435 name435 1387 458 55 502 133 354
436 436 name436 7 4 8 0 0 3
437 437 name437 39131 48779 1702 1250 88 1192
438 438 name438 2968 2159 2088 1085 53 553
439 439 name439 0 372 0 3140 0 0
440 440 name440 366 710 30 30 4 245
441 441 name441 3296 3594 245 696 2292 8200
442 442 name442 14073 17761 646 1758 35 3594
443 443 name443 7 66 211 4 0 9
444 444 name444 6 28 1 999 0 0
445 445 name445 4993 4092 51 3008 175 713
446 446 name446 2257 1076 158 246 112 242
447 447 name447 36 0 0 1 0 0
448 448 name448 0 0 75 0 0 3
449 449 name449 0 1 35 0 0 29
450 450 name450 4651 2443 293 0 0 16
451 451 name451 627 500 38 2677 334 135
452 452 name452 409 131 73 6 5 32
453 453 name453 2066 15517 1080 388 1643 73796
454 454 name454 8 4 301 0 0 24
455 455 name455 2 2 17 0 2 14
456 456 name456 572 469 448 288 34 2194
457 457 name457 128 17 2 3 2 0
458 458 name458 554 107236 1779 1443 17 49928
459 459 name459 4987 3905 136 1900 1141 1863
460 460 name460 267 138 61 401 241 722
461 461 name461 34 17 14 0 0 8
462 462 name462 286 259 9 5 0 6
463 463 name463 370 82 1 1 75 25
464 464 name464 1595 1416 125 2491 613 1887
465 465 name465 29 6 24 0 0 0
466 466 name466 2308 22314 385 129 2056 126081
467 467 name467 143 191 28 628 9 25
468 468 name468 86 30 31 46 0 479
469 469 name469 3412 2279 119 85 70 212
470 470 name470 2549 4761 1508 1450 273 7017
471 471 name471 107 57 4 1 1 0
472 472 name472 336 1509 82 13 9 1913
473 473 name473 392 24 10 2 0 2
474 474 name474 198 30 318 502 196 101
475 475 name475 309 1245 55 1 0 189
476 476 name476 30 19 255 75 98 180
477 477 name477 27 18 17 0 0 11
478 478 name478 15995 16626 78 3114 49 1406
479 479 name479 995 744 60 33 67 544
480 480 name480 572 221 166 1 0 183
481 481 name481 40 23 3205 8 16 205
482 482 name482 213 50 249 0 0 50
483 483 name483 2462 1842 127 23 16 80
484 484 name484 11 6 2 1 1 2
485 485 name485 144 50 3 116 2 3
486 486 name486 99 69 128 0 0 15
487 487 name487 311 32 7 165 75 48
488 488 name488 1787 17623 67 1032 200 3772
489 489 name489 215 590 156 3037 0 56
490 490 name490 5261 16144649 3046 46 129 727022
491 491 name491 660 1782 571 4 4 1374
492 492 name492 363 576 60 3 1 35
493 493 name493 1 0 3 0 0 0
494 494 name494 18 9 6 3 0 10
495 495 name495 1132 1151 74 0 37 28
496 496 name496 1847 308 131 176 3 329
497 497 name497 1930 2452 52 4 2 80
498 498 name498 51 803 3 0 0 11
499 499 name499 1243 186 32 737 277 8017
500 500 name500 432 17 16 8 0 35
501 501 name501 0 0 6 0 0 7
502 502 name502 1398 2084 18 64 18 41
503 503 name503 259 81 214 8 2 33
504 504 name504 18820 31384 481 601 29 6733
# Relations: ind influencing_user influenced_user retweets|quotes mentions answers
0 466 3 9 9 0
1 407 3 0 146 0
2 190 4 1 1 0
3 240 5 1 1 0
4 174 5 5 6 0
5 177 5 0 3 1
6 348 5 2 2 0
7 458 8 2 2 0
8 61 8 3 5 1
9 466 10 4 4 0
10 415 12 1 1 0
11 192 12 65 70 1
12 407 13 0 1 0
13 490 14 0 1 0
14 407 14 0 1 0
15 113 17 2 2 0
16 235 17 7 27 0
17 248 17 1 6 0
18 351 20 48 47 0
19 483 20 1 2 1
20 435 21 1 1 0
21 61 21 4 26 0
22 458 21 68 69 0
23 60 21 2 2 0
24 326 21 2 2 0
25 490 21 0 1 0
26 407 21 0 1 0
27 200 22 1 1 0
28 86 22 0 1 0
29 407 22 0 1 0
30 490 22 8 12 0
31 417 22 0 2 0
32 61 22 0 1 0
33 490 24 0 1 0
34 200 24 1 1 0
35 61 24 0 1 0
36 22 24 0 2 1
37 19 26 1 1 0
38 246 26 0 1 0
39 200 30 1 1 0
40 22 30 1 1 0
41 105 31 0 2 2
42 143 31 0 1 1
43 138 33 2 1 0
44 417 33 1 12 0
45 490 33 0 3 0
46 86 33 6 6 0
47 347 33 1 3 0
48 407 33 0 2 0
49 286 33 0 1 0
50 393 36 1 1 0
51 60 36 1 1 0
52 398 36 45 45 0
53 397 36 1 1 0
54 407 36 0 10 0
55 337 36 2 2 0
56 148 36 1 1 0
57 98 36 1 1 0
58 348 39 1 1 0
59 342 39 1 1 0
60 164 39 2 2 0
61 261 39 1 1 0
62 186 39 22 22 0
63 112 39 27 28 0
64 347 39 2 6 0
65 174 39 51 60 0
66 144 39 11 15 0
67 150 39 2 2 0
68 417 39 0 7 0
69 329 39 1 1 0
70 151 39 10 13 0
71 407 39 0 8 0
72 386 39 2 3 0
73 490 39 0 1 0
74 169 39 1 1 0
75 185 39 2 2 0
76 158 39 7 7 0
77 96 41 0 4 0
78 407 42 0 1 0
79 344 42 2 2 0
80 490 42 0 11 0
81 300 42 3 3 0
82 407 43 0 1 0
83 295 43 0 1 0
84 270 43 2 2 0
85 61 43 0 2 0
86 458 43 0 2 0
87 337 45 1 1 0
88 117 45 1 1 0
89 7 45 2 2 0
90 407 45 0 118 0
91 264 45 17 17 0
92 217 45 2 2 0
93 303 46 1 1 0
94 217 46 1 1 0
95 490 46 0 1 0
96 407 46 0 7 0
97 61 46 0 90 0
98 229 46 8 8 0
99 7 46 11 11 0
100 338 46 4 4 0
101 363 46 1 1 0
102 385 46 1 1 0
103 337 46 1 1 0
104 264 46 1 1 0
105 491 46 1 1 0
106 49 48 0 1 0
107 469 48 1 1 0
108 203 48 1 1 0
109 344 48 1 1 0
110 305 48 3 3 0
111 407 48 0 18 0
112 342 51 1 1 0
113 151 51 0 1 0
114 164 54 1 1 0
115 407 54 0 7 0
116 113 54 2 2 0
117 308 55 1 1 0
118 464 55 3 5 1
119 295 60 0 1 0
120 490 60 0 1 0
121 61 60 1 260 0
122 43 60 0 1 0
123 458 60 0 8 0
124 407 63 0 1 0
125 286 64 0 1 0
126 407 64 0 3 0
127 113 65 16 17 1
128 66 67 61 60 0
129 407 69 0 1 0
130 336 69 1 1 0
131 203 73 1 1 0
132 286 73 10 22 8
133 407 74 0 1 0
134 79 74 20 29 0
135 259 74 45 45 0
136 104 76 1 2 0
137 406 76 4 7 0
138 91 76 0 3 0
139 426 76 1 3 1
140 391 76 9 21 5
141 81 76 14 63 21
142 90 76 0 7 2
143 203 76 838 1756 613
144 87 76 3 3 0
145 368 76 31 62 12
146 92 76 134 208 29
147 286 76 1 4 0
148 407 76 0 5 0
149 441 76 7 21 4
150 286 77 0 1 0
151 490 77 1 1 0
152 203 77 2 3 1
153 86 77 1 0 0
154 407 77 0 11 0
155 113 77 7 7 0
156 79 78 1 7 1
157 259 78 37 33 0
158 407 79 0 1 0
159 259 79 45 45 0
160 74 79 97 102 1
161 87 81 1 1 0
162 406 81 16 19 1
163 76 81 15 36 11
164 90 81 2 10 1
165 203 81 468 1186 126
166 92 81 844 984 43
167 441 81 6 13 1
168 407 81 0 19 0
169 286 81 1 5 0
170 83 81 1 1 0
171 426 81 0 4 1
172 91 81 1 2 1
173 368 81 35 48 8
174 391 81 0 1 0
175 417 81 0 1 0
176 82 81 2 3 1
177 490 81 1 1 0
178 426 82 1 6 4
179 91 82 0 2 0
180 194 82 0 1 1
181 406 82 9 13 2
182 104 82 1 2 0
183 441 82 6 44 22
184 407 82 0 9 0
185 286 82 1 5 0
186 76 82 2 4 1
187 92 82 156 215 28
188 368 82 7 27 11
189 90 82 0 5 1
190 203 82 298 1074 437
191 87 82 26 45 10
192 81 82 8 29 2
193 391 82 3 11 5
194 61 83 0 2 0
195 87 83 2 2 0
196 391 83 0 2 0
197 368 83 3 14 9
198 90 83 0 3 0
199 203 83 658 1310 175
200 76 83 7 8 0
201 92 83 876 956 39
202 81 83 1 10 0
203 286 83 0 4 0
204 407 83 0 11 0
205 441 83 9 15 2
206 406 83 13 16 0
207 407 85 0 3 0
208 92 85 3 3 0
209 203 85 7 11 0
210 61 87 0 1 0
211 368 87 0 3 0
212 104 87 2 2 0
213 391 87 1 2 0
214 76 87 5 5 0
215 92 87 46 65 1
216 81 87 5 6 0
217 82 87 10 28 5
218 203 87 316 737 75
219 90 87 1 2 0
220 286 87 0 7 0
221 407 87 0 4 0
222 441 87 0 1 0
223 406 87 15 17 0
224 490 88 0 1 1
225 203 88 13 20 1
226 87 88 1 2 1
227 441 88 1 0 0
228 407 88 0 5 0
229 286 88 0 2 1
230 391 88 0 1 0
231 76 88 0 1 0
232 92 88 2 3 0
233 368 88 1 1 0
234 83 90 2 3 0
235 81 90 15 53 7
236 82 90 8 13 3
237 76 90 11 39 8
238 203 90 553 1675 181
239 391 90 0 15 13
240 368 90 23 31 5
241 403 90 0 2 2
242 87 90 7 11 3
243 426 90 9 100 3
244 407 90 0 27 0
245 286 90 0 9 0
246 92 90 412 714 70
247 441 90 6 16 5
248 406 90 24 54 12
249 91 90 1 4 2
250 104 90 2 2 0
251 104 91 0 2 0
252 406 91 1 4 0
253 426 91 10 5 2
254 87 91 5 7 1
255 391 91 9 19 0
256 368 91 26 40 4
257 90 91 3 4 1
258 203 91 768 1374 251
259 92 91 121 184 30
260 76 91 6 10 1
261 407 91 0 12 0
262 286 91 1 6 1
263 441 91 19 39 7
264 81 91 20 65 18
265 391 92 0 2 2
266 87 92 2 2 0
267 76 92 12 19 3
268 426 92 0 6 1
269 90 92 2 10 1
270 203 92 637 1809 480
271 368 92 4 11 0
272 82 92 4 5 1
273 81 92 17 44 2
274 83 92 1 2 1
275 286 92 0 8 0
276 441 92 5 14 1
277 407 92 0 16 0
278 406 92 20 24 1
279 368 93 1 2 0
280 76 93 1 1 0
281 92 93 32 36 0
282 406 93 5 5 0
283 286 93 0 1 0
284 407 93 0 12 0
285 203 93 24 45 4
286 81 93 0 1 0
287 82 93 0 1 0
288 286 94 0 1 0
289 490 94 0 5 0
290 407 94 0 23 0
291 458 94 5 5 0
292 79 95 0 1 0
293 259 95 4 4 0
294 504 97 0 1 0
295 337 97 1 1 0
296 490 97 0 1 0
297 407 97 0 5 0
298 172 97 1 1 0
299 148 98 0 1 1
300 167 98 0 1 1
301 378 98 0 1 1
302 240 98 2 1 1
303 504 98 2 3 1
304 466 98 0 2 2
305 174 98 1 1 1
306 265 101 0 1 0
307 466 103 1 1 0
308 391 104 0 1 0
309 406 104 11 13 0
310 426 104 2 5 0
311 91 104 0 2 0
312 82 104 2 2 0
313 81 104 3 16 2
314 368 104 15 20 0
315 90 104 1 5 0
316 203 104 772 1085 46
317 87 104 1 2 0
318 407 104 0 4 0
319 286 104 0 3 0
320 441 104 16 23 0
321 92 104 136 180 3
322 76 104 15 22 1
323 143 105 1 1 0
324 31 105 3 3 0
325 203 106 115 143 0
326 92 106 11 12 0
327 76 106 2 2 0
328 406 106 2 2 0
329 286 106 0 1 0
330 441 106 1 1 0
331 407 106 0 4 0
332 83 106 1 1 0
333 407 107 0 1 0
334 504 107 3 3 0
335 478 107 137 149 10
336 372 107 3 6 1
337 407 108 1 2 0
338 240 108 2 2 0
339 504 108 4 4 0
340 312 110 11 11 0
341 164 112 1 1 1
342 151 112 1 1 0
343 261 112 0 1 1
344 150 112 1 1 0
345 144 112 0 1 0
346 174 112 2 3 1
347 417 112 0 1 0
348 347 112 2 5 1
349 86 112 1 0 0
350 259 116 8 8 0
351 74 116 3 5 0
352 79 116 11 12 0
353 407 118 0 1 0
354 158 118 0 1 1
355 417 118 0 2 0
356 244 119 3 4 0
357 490 121 1 2 0
358 151 121 2 2 0
359 112 123 1 1 0
360 504 123 1 0 0
361 151 123 5 2 0
362 309 123 2 1 0
363 207 123 0 1 1
364 174 123 4 3 0
365 407 124 0 261 0
366 193 127 5 2 0
367 186 127 4 3 2
368 407 128 0 1 0
369 118 129 0 2 0
370 164 129 3 8 1
371 417 129 0 3 0
372 466 129 0 1 1
373 151 129 2 2 0
374 174 129 2 1 0
375 407 129 0 1 0
376 417 130 0 1 0
377 158 130 0 12 11
378 148 130 0 1 1
379 217 131 1 1 0
380 321 135 0 1 0
381 174 135 0 2 0
382 386 135 1 1 0
383 329 135 19 70 0
384 280 135 8 13 5
385 407 139 0 1 0
386 335 139 28 40 3
387 425 139 1 1 0
388 13 140 1 1 0
389 158 140 2 2 0
390 61 140 2 2 0
391 466 140 0 1 0
392 180 140 0 1 0
393 344 141 1 1 0
394 407 141 0 12 0
395 490 141 0 10 0
396 31 143 2 2 0
397 407 144 0 1 0
398 417 144 0 1 0
399 164 144 0 2 0
400 347 144 0 3 0
401 186 144 1 1 0
402 158 144 0 1 1
403 174 144 7 10 0
404 150 144 2 6 2
405 61 145 0 1 0
406 348 145 4 4 0
407 490 145 0 1 0
408 407 145 0 1 0
409 240 145 1 1 0
410 458 145 1 1 0
411 415 145 1 1 0
412 118 148 1 0 0
413 151 148 1 1 0
414 240 148 5 1 0
415 158 148 12 4 0
416 417 148 0 171 0
417 86 148 1 0 0
418 347 148 3 12 0
419 162 148 1 0 0
420 174 148 14 0 0
421 144 148 6 1 0
422 386 150 0 1 0
423 470 150 0 1 0
424 466 150 1 0 0
425 417 150 1 5 0
426 185 150 0 3 0
427 151 150 2 3 1
428 158 150 0 3 3
429 488 150 0 2 2
430 86 150 2 1 0
431 347 150 5 80 0
432 164 150 2 7 1
433 458 150 2 0 0
434 261 150 0 1 0
435 186 150 0 4 0
436 174 150 18 34 1
437 144 150 5 29 1
438 144 151 1 1 0
439 186 151 0 1 1
440 174 151 10 27 5
441 185 151 0 1 0
442 164 151 3 11 5
443 407 152 0 1 0
444 288 152 4 8 0
445 417 152 0 1 0
446 407 154 0 1 0
447 407 155 0 1 0
448 271 155 53 77 2
449 228 155 62 59 3
450 301 156 0 1 0
451 164 156 0 1 0
452 327 156 0 1 0
453 244 156 0 1 0
454 186 156 0 3 0
455 193 156 0 7 6
456 488 156 0 1 0
457 311 156 0 1 0
458 396 157 116 116 0
459 186 158 1 1 0
460 165 158 0 2 0
461 241 158 0 1 0
462 466 158 0 3 0
463 140 158 0 1 0
464 118 158 1 3 2
465 348 158 2 2 0
466 162 158 0 3 1
467 164 158 4 4 0
468 154 158 0 10 0
469 151 158 6 12 0
470 386 158 0 1 1
471 407 158 0 11 0
472 470 158 2 2 0
473 502 158 1 0 0
474 204 158 0 10 9
475 245 158 4 6 2
476 214 158 0 1 1
477 174 158 2 10 1
478 144 158 11 12 0
479 347 158 0 1 0
480 279 158 3 11 5
481 148 158 10 12 2
482 294 158 0 1 1
483 130 158 1 4 3
484 150 158 1 2 1
485 417 158 0 7 0
486 302 158 1 0 0
487 177 158 2 20 19
488 289 158 0 3 2
489 407 159 0 9 0
490 490 160 0 1 0
491 268 162 1 2 0
492 289 162 1 3 0
493 417 162 1 33 0
494 158 162 0 1 1
495 407 162 0 2 0
496 331 163 0 1 0
497 142 163 1 1 0
498 185 164 1 1 0
499 193 164 0 1 1
500 417 164 0 1 0
501 151 164 9 15 0
502 176 164 0 2 2
503 407 164 0 2 0
504 470 164 0 1 1
505 174 164 16 24 1
506 144 164 2 4 0
507 347 164 0 3 0
508 129 164 0 2 2
509 119 165 0 1 0
510 174 165 0 1 0
511 488 165 0 1 0
512 127 165 0 1 0
513 158 165 4 4 0
514 151 165 4 4 0
515 244 165 0 2 0
516 169 165 0 2 0
517 193 165 7 8 1
518 186 165 0 2 0
519 243 166 0 1 0
520 407 166 0 28 0
521 417 166 0 1 0
522 490 166 0 1 0
523 193 166 1 4 0
524 186 166 0 2 0
525 244 166 0 1 0
526 175 169 0 1 0
527 119 169 0 1 0
528 171 169 5 5 0
529 179 169 0 5 0
530 193 169 21 21 0
531 186 169 0 2 0
532 166 169 1 1 0
533 156 169 0 1 0
534 490 170 0 1 0
535 200 170 1 1 0
536 407 170 0 4 0
537 433 170 65 66 1
538 286 170 6 8 0
539 193 171 2 0 0
540 169 171 0 10 0
541 490 172 0 33 0
542 407 173 0 6 0
543 488 174 0 1 0
544 193 174 0 1 1
545 327 174 0 1 0
546 466 174 0 2 1
547 326 174 0 1 0
548 417 174 0 6 1
549 150 174 1 6 3
550 144 174 1 6 0
551 432 174 0 1 1
552 186 174 0 1 0
553 185 174 1 4 0
554 347 174 3 26 1
555 158 174 0 6 3
556 407 174 0 1 0
557 151 174 4 24 4
558 180 174 0 3 0
559 148 174 0 1 1
560 164 174 1 8 2
561 342 174 0 1 1
562 86 175 0 1 0
563 417 175 0 4 0
564 417 176 0 1 0
565 144 176 0 1 0
566 150 176 2 3 0
567 174 176 7 10 0
568 317 176 1 2 0
569 242 176 4 5 0
570 132 176 2 2 0
571 130 176 5 5 0
572 240 176 1 2 0
573 407 176 0 7 0
574 375 176 1 1 0
575 337 176 21 21 0
576 247 176 7 7 0
577 5 177 0 1 1
578 86 177 0 3 1
579 348 177 0 1 0
580 158 177 0 54 50
581 466 177 0 3 1
582 417 177 0 11 2
583 407 178 0 4 0
584 417 179 0 1 0
585 243 179 0 1 0
586 164 179 1 2 0
587 175 179 0 1 0
588 185 179 0 1 0
589 165 179 0 2 0
590 156 179 0 2 0
591 147 179 0 1 0
592 169 179 0 3 0
593 186 179 0 6 0
594 193 179 36 48 8
595 216 179 0 1 0
596 174 179 1 7 0
597 311 179 0 6 0
598 171 179 0 2 0
599 490 179 1 6 0
600 119 180 0 1 1
601 278 183 0 1 0
602 217 183 1 1 0
603 242 183 1 1 0
604 303 183 1 1 0
605 121 183 1 1 0
606 61 183 2 76 0
607 229 183 9 9 0
608 385 183 2 2 0
609 363 183 1 1 0
610 337 183 1 1 0
611 7 183 11 11 0
612 415 183 1 1 0
613 338 183 3 3 0
614 407 183 0 4 0
615 317 186 1 1 0
616 158 186 1 1 0
617 176 186 0 2 0
618 174 186 14 22 0
619 144 186 27 32 0
620 311 186 24 27 0
621 417 186 0 1 0
622 150 186 3 7 0
623 347 186 0 3 0
624 151 186 15 15 0
625 216 186 0 1 0
626 165 186 1 1 0
627 488 186 0 2 0
628 193 186 4 6 0
629 244 186 0 2 0
630 127 186 2 9 0
631 164 186 0 4 0
632 466 186 2 3 0
633 407 186 0 1 0
634 240 186 1 1 0
635 68 187 1 1 0
636 407 187 0 13 0
637 398 191 1 1 0
638 397 191 22 21 0
639 490 191 0 2 0
640 407 192 0 1 0
641 415 192 1 1 0
642 12 192 0 4 0
643 241 193 0 12 0
644 348 193 1 2 1
645 216 193 1 18 3
646 180 193 0 18 0
647 144 193 6 10 0
648 119 193 3 16 1
649 311 193 2 20 1
650 327 193 13 157 13
651 244 193 7 71 7
652 185 193 1 12 1
653 169 193 6 72 1
654 171 193 2 16 4
655 186 193 7 195 2
656 301 193 4 64 3
657 243 193 9 73 6
658 417 193 0 14 0
659 166 193 5 11 2
660 156 193 8 82 5
661 488 193 6 58 1
662 147 193 0 3 0
663 175 193 6 36 6
664 165 193 1 66 1
665 179 193 7 119 11
666 174 193 10 90 1
667 127 193 1 5 1
668 164 193 4 47 3
669 386 193 0 1 0
670 407 193 0 37 0
671 407 194 0 2 0
672 92 194 24 25 2
673 286 194 3 6 0
674 82 194 1 2 1
675 203 194 16 28 0
676 279 195 0 1 0
677 254 196 0 1 0
678 498 199 0 1 1
679 481 199 0 3 3
680 218 202 1 1 0
681 240 202 1 1 0
682 61 203 0 1 0
683 91 203 1 2 0
684 426 203 1 1 0
685 87 203 4 4 0
686 90 203 4 6 1
687 368 203 9 13 0
688 76 203 10 6 0
689 92 203 247 173 3
690 406 203 13 10 0
691 391 203 6 13 1
692 82 203 1 1 0
693 81 203 10 18 0
694 407 203 0 1 0
695 83 203 1 1 0
696 286 203 1 4 0
697 441 203 9 18 1
698 180 204 0 1 0
699 158 204 2 22 20
700 407 204 0 11 0
701 417 204 2 11 0
702 151 204 0 17 0
703 144 204 1 1 0
704 174 204 0 1 0
705 112 204 1 2 1
706 347 204 0 3 0
707 417 206 1 3 0
708 407 206 0 3 0
709 331 207 0 1 0
710 458 207 0 1 0
711 504 207 1 1 0
712 240 207 93 98 1
713 61 207 0 3 0
714 277 208 1 1 0
715 407 208 0 12 0
716 373 208 1 1 0
717 98 208 1 1 0
718 162 213 0 1 0
719 417 213 0 12 1
720 347 214 1 1 0
721 86 214 1 1 0
722 407 214 0 8 0
723 158 214 2 3 1
724 407 215 0 1 0
725 488 216 0 1 0
726 193 216 0 1 1
727 407 218 0 1 0
728 445 218 0 1 0
729 458 218 12 3 0
730 55 218 7 5 2
731 144 218 2 1 0
732 407 219 0 2 0
733 274 219 4 4 0
734 381 220 0 52 0
735 423 222 1 1 0
736 440 223 1 1 0
737 407 224 0 5 0
738 203 224 2 3 0
739 151 226 1 0 0
740 164 226 0 1 0
741 396 231 1 1 0
742 63 231 1 1 0
743 230 231 1 1 0
744 375 231 1 1 0
745 61 232 0 2 0
746 458 232 2 2 0
747 470 232 5 5 0
748 407 232 0 104 0
749 240 232 1 1 0
750 331 232 7 8 0
751 490 232 0 1 0
752 407 234 0 1 0
753 17 235 1 4 1
754 248 235 14 22 0
755 417 236 1 0 0
756 494 236 4 11 0
757 286 236 1 0 0
758 407 237 0 1 0
759 407 238 0 1 0
760 331 240 0 1 0
761 458 240 0 2 0
762 61 240 0 3 0
763 207 240 47 55 0
764 216 241 0 1 0
765 490 243 0 1 0
766 180 243 0 1 0
767 407 243 0 2 0
768 165 243 0 8 0
769 244 243 0 5 0
770 164 243 0 2 0
771 179 243 0 19 0
772 185 243 0 1 0
773 301 243 1 9 0
774 186 243 0 14 0
775 169 243 0 6 0
776 193 243 24 56 5
777 174 243 4 15 0
778 327 243 1 4 0
779 156 243 0 5 0
780 113 244 1 1 0
781 179 244 0 1 0
782 165 244 0 1 0
783 144 244 1 1 0
784 174 244 4 4 0
785 311 244 0 1 0
786 175 244 0 1 0
787 327 244 0 4 0
788 118 244 0 7 6
789 386 244 1 1 0
790 119 244 40 57 2
791 243 244 0 1 0
792 193 244 11 18 8
793 186 244 0 5 0
794 458 244 1 0 0
795 158 245 18 13 2
796 347 245 0 1 0
797 86 245 0 1 0
798 144 245 1 2 0
799 174 245 5 5 0
800 466 245 2 2 1
801 417 245 0 33 0
802 151 245 2 2 0
803 369 246 1 1 0
804 341 246 1 1 0
805 150 246 0 1 0
806 179 246 0 1 0
807 184 246 1 1 0
808 161 246 1 1 0
809 235 246 1 1 0
810 353 246 1 1 0
811 165 246 0 1 0
812 331 246 1 1 0
813 124 246 1 1 0
814 333 246 0 1 0
815 450 246 1 1 0
816 273 246 2 2 0
817 277 246 2 2 0
818 321 246 0 1 0
819 319 246 3 3 0
820 203 246 2 3 0
821 466 246 7 7 0
822 98 246 2 2 0
823 481 246 1 1 0
824 7 246 3 3 0
825 311 246 2 2 0
826 350 246 1 1 0
827 190 246 1 1 0
828 211 246 1 1 0
829 212 246 0 1 0
830 172 246 1 1 0
831 502 246 1 1 0
832 393 246 1 1 0
833 250 246 1 1 0
834 249 246 2 2 0
835 209 246 1 1 0
836 484 246 1 1 0
837 206 246 1 1 0
838 205 246 1 1 0
839 378 246 1 1 0
840 498 246 1 1 0
841 335 246 5 5 0
842 503 246 1 1 0
843 338 246 1 1 0
844 452 246 2 2 0
845 358 246 3 3 0
846 136 246 1 1 0
847 275 246 1 1 0
848 225 246 2 2 0
849 326 246 1 2 0
850 167 246 4 4 0
851 226 246 0 1 0
852 490 246 0 2 0
853 47 246 2 2 0
854 497 246 1 1 0
855 186 246 1 2 0
856 200 246 2 2 0
857 198 246 1 1 0
858 109 246 1 1 0
859 138 246 2 2 0
860 137 246 3 3 0
861 359 246 1 1 0
862 0 246 1 1 0
863 407 246 0 17 0
864 267 246 1 1 0
865 263 246 2 2 0
866 115 246 1 1 0
867 155 246 1 1 0
868 303 246 1 1 0
869 117 246 1 1 0
870 229 246 2 2 0
871 262 246 1 1 0
872 370 246 1 1 0
873 193 246 4 4 0
874 195 246 5 5 0
875 346 246 3 3 0
876 345 246 1 1 0
877 63 246 1 1 0
878 133 246 1 1 0
879 242 246 1 1 0
880 146 246 1 1 0
881 327 246 0 1 0
882 293 246 1 1 0
883 491 246 2 2 0
884 298 246 0 1 0
885 337 246 4 4 0
886 181 246 1 1 0
887 363 246 2 2 0
888 330 246 3 3 0
889 16 246 1 1 0
890 288 246 1 1 0
891 476 246 1 1 0
892 196 246 1 1 0
893 305 246 1 1 0
894 299 246 1 1 0
895 19 246 1 1 0
896 128 246 1 1 0
897 245 246 1 1 0
898 114 246 2 2 0
899 154 246 0 1 0
900 156 246 0 1 0
901 164 246 0 2 0
902 243 246 0 1 0
903 468 246 1 1 0
904 307 246 1 1 0
905 218 246 1 1 0
906 221 246 2 2 0
907 219 246 1 1 0
908 66 246 3 3 0
909 398 246 1 1 0
910 129 246 1 1 0
911 132 246 2 2 0
912 130 246 2 2 0
913 18 246 1 1 0
914 465 246 1 1 0
915 400 246 1 1 0
916 158 246 2 2 0
917 159 246 1 1 0
918 252 246 1 1 0
919 270 246 1 1 0
920 401 246 1 1 0
921 308 246 0 1 0
922 453 246 1 1 0
923 304 246 1 1 0
924 477 246 1 1 0
925 294 246 0 1 0
926 282 246 1 1 0
927 415 246 1 1 0
928 462 246 1 1 0
929 15 246 1 1 0
930 343 246 1 1 0
931 135 246 1 1 0
932 501 246 1 1 0
933 134 246 1 1 0
934 68 246 1 1 0
935 217 246 2 2 0
936 424 246 1 1 0
937 26 246 1 1 0
938 272 246 0 1 0
939 504 246 0 1 0
940 348 246 0 1 0
941 482 246 1 1 0
942 234 246 1 1 0
943 173 246 1 1 0
944 149 246 1 1 0
945 188 246 1 1 0
946 40 246 1 1 0
947 496 246 1 1 0
948 392 246 1 1 0
949 479 246 1 1 0
950 227 246 1 1 0
951 168 246 1 1 0
952 14 246 1 1 0
953 434 246 1 1 0
954 169 246 0 1 0
955 112 246 1 1 0
956 38 246 1 1 0
957 276 246 1 1 0
958 123 246 2 2 0
959 121 246 1 1 0
960 215 246 1 1 0
961 377 246 1 1 0
962 126 246 1 1 0
963 287 246 1 1 0
964 373 246 1 1 0
965 360 246 1 1 0
966 264 246 1 1 0
967 2 246 1 1 0
968 313 246 1 1 0
969 365 246 3 3 0
970 290 246 0 1 0
971 285 246 1 1 0
972 292 246 1 1 0
973 238 246 0 1 0
974 237 246 1 1 0
975 493 246 1 1 0
976 36 247 0 1 0
977 176 247 0 6 0
978 407 248 0 4 0
979 407 254 0 2 0
980 196 254 3 5 0
981 286 256 1 3 0
982 407 256 0 1 0
983 371 256 1 1 0
984 326 256 35 35 0
985 490 256 4 6 0
986 490 257 8 9 1
987 336 257 345 352 3
988 417 258 0 1 0
989 79 258 0 9 0
990 79 259 4 4 0
991 74 259 11 11 0
992 407 260 0 1 0
993 407 261 0 1 0
994 417 261 0 1 0
995 174 261 1 2 0
996 317 261 0 5 2
997 333 262 0 1 0
998 497 266 6 5 0
999 61 270 0 1 0
1000 261 270 2 1 0
1001 458 270 3 3 0
1002 210 270 0 5 0
1003 308 270 2 6 1
1004 330 270 8 9 0
1005 43 270 3 6 0
1006 174 270 3 3 0
1007 371 270 0 2 0
1008 318 270 0 4 0
1009 295 270 0 3 0
1010 155 271 1 1 0
1011 298 272 0 1 0
1012 407 272 0 1 0
1013 453 272 5 16 11
1014 238 272 0 1 0
1015 490 272 0 1 0
1016 219 274 19 11 0
1017 432 275 0 1 0
1018 490 277 0 1 0
1019 118 279 2 2 0
1020 158 279 0 10 5
1021 321 280 2 12 0
1022 329 280 2 14 0
1023 144 280 2 4 0
1024 174 280 9 17 0
1025 347 280 0 1 0
1026 135 280 2 22 4
1027 281 280 0 1 0
1028 286 283 1 1 0
1029 388 283 1 1 0
1030 174 289 0 1 0
1031 417 289 0 34 0
1032 162 289 2 5 2
1033 407 289 0 11 0
1034 158 289 1 4 1
1035 175 289 1 1 0
1036 347 289 0 1 0
1037 154 294 0 1 0
1038 158 294 0 1 1
1039 407 296 0 1 0
1040 344 296 115 109 0
1041 467 297 2 4 0
1042 453 298 14 25 13
1043 151 300 0 1 0
1044 174 300 0 1 0
1045 327 301 0 1 0
1046 193 301 1 3 1
1047 154 302 0 10 0
1048 86 302 1 1 0
1049 158 302 7 8 1
1050 132 303 1 1 0
1051 183 303 0 2 0
1052 46 303 0 1 0
1053 407 303 0 6 0
1054 246 303 1 1 0
1055 490 303 0 1 0
1056 286 305 0 68 34
1057 132 306 2 2 0
1058 337 306 1 1 0
1059 270 308 3 4 0
1060 317 311 2 2 0
1061 466 311 1 1 0
1062 261 311 2 2 0
1063 241 311 0 1 0
1064 407 311 0 1 0
1065 386 311 0 1 0
1066 158 311 9 8 0
1067 186 311 63 89 0
1068 174 311 31 39 0
1069 417 311 0 1 0
1070 150 311 28 28 0
1071 144 311 25 30 0
1072 179 311 0 3 0
1073 151 311 1 1 0
1074 164 311 0 2 0
1075 119 311 0 2 0
1076 347 311 0 8 0
1077 470 311 19 17 0
1078 240 311 1 1 0
1079 488 311 0 2 0
1080 244 311 0 2 0
1081 193 311 12 14 0
1082 156 311 0 2 0
1083 490 312 0 1 0
1084 110 312 16 47 0
1085 407 312 0 1 0
1086 417 314 0 1 1
1087 150 317 2 5 2
1088 174 317 0 1 0
1089 176 317 0 1 0
1090 261 317 9 12 1
1091 347 317 0 2 0
1092 144 317 5 6 0
1093 270 318 1 1 0
1094 504 318 1 9 8
1095 212 319 0 3 0
1096 500 320 13 13 0
1097 135 321 1 5 1
1098 280 321 5 8 0
1099 329 321 0 3 0
1100 423 323 0 1 1
1101 61 326 0 4 0
1102 199 326 0 29 0
1103 290 326 0 20 0
1104 166 327 0 1 0
1105 164 327 0 1 0
1106 165 327 0 3 0
1107 407 327 0 1 0
1108 169 327 0 4 0
1109 193 327 12 15 3
1110 301 327 0 1 0
1111 175 327 0 1 0
1112 174 327 0 4 0
1113 179 327 0 3 0
1114 243 327 0 2 0
1115 321 329 0 1 0
1116 386 329 1 0 0
1117 135 329 4 49 0
1118 280 329 5 4 0
1119 308 330 1 1 0
1120 295 330 0 1 0
1121 270 330 62 68 0
1122 371 330 0 1 0
1123 318 330 0 3 0
1124 43 330 0 2 0
1125 174 330 1 1 0
1126 210 330 0 1 0
1127 207 331 2 2 0
1128 240 331 1 2 0
1129 458 331 1 1 0
1130 407 331 0 3 0
1131 74 334 2 2 0
1132 79 334 3 5 0
1133 259 334 4 4 0
1134 425 335 5 4 0
1135 139 335 8 7 0
1136 113 336 3 4 0
1137 352 336 3 4 1
1138 357 336 3 4 1
1139 257 336 38 48 0
1140 490 336 3 3 0
1141 417 340 0 1 0
1142 417 342 0 5 0
1143 407 342 0 1 0
1144 151 342 31 26 0
1145 174 342 57 35 0
1146 150 342 1 1 0
1147 348 342 177 161 2
1148 347 342 0 5 0
1149 407 344 0 1 0
1150 296 344 2 2 0
1151 407 345 0 1 0
1152 364 345 0 1 0
1153 246 345 1 1 0
1154 199 345 0 1 0
1155 407 346 0 2 0
1156 417 347 5 40 0
1157 458 348 0 2 0
1158 34 352 2 1 0
1159 336 352 7 3 0
1160 113 352 1 1 0
1161 366 355 114 115 1
1162 407 357 0 12 0
1163 336 357 11 8 0
1164 407 359 0 4 0
1165 458 361 0 1 1
1166 240 361 0 1 1
1167 417 361 0 1 0
1168 240 366 0 34 0
1169 371 366 0 31 0
1170 91 368 2 3 0
1171 61 368 0 1 0
1172 406 368 10 13 4
1173 87 368 6 8 0
1174 81 368 27 96 9
1175 83 368 0 1 0
1176 441 368 7 17 2
1177 286 368 1 13 0
1178 407 368 0 17 0
1179 90 368 5 10 1
1180 203 368 287 1071 194
1181 92 368 404 734 307
1182 76 368 56 98 25
1183 391 368 4 7 1
1184 407 370 0 7 0
1185 61 371 0 1 0
1186 458 371 0 3 0
1187 107 372 0 1 1
1188 478 372 58 58 0
1189 504 372 3 3 0
1190 286 374 0 1 1
1191 218 375 1 0 0
1192 247 375 0 1 0
1193 490 375 0 3 0
1194 176 375 0 11 0
1195 174 375 9 8 0
1196 504 375 21 24 7
1197 347 375 0 1 0
1198 286 375 0 1 0
1199 240 375 1 1 0
1200 407 375 0 6 0
1201 380 376 1 1 0
1202 373 376 1 1 0
1203 307 376 1 1 0
1204 247 376 1 1 0
1205 34 376 1 1 0
1206 407 376 0 3 0
1207 61 377 0 1 0
1208 326 377 1 1 0
1209 200 377 5 5 0
1210 458 377 0 2 0
1211 61 379 0 1 0
1212 368 379 1 3 2
1213 203 379 250 378 68
1214 406 379 5 7 2
1215 286 379 2 2 0
1216 92 379 36 43 5
1217 76 379 0 1 1
1218 407 380 0 2 0
1219 466 380 2 9 2
1220 174 380 1 1 0
1221 220 381 0 24 0
1222 407 386 0 1 0
1223 417 386 0 1 0
1224 75 387 3 3 0
1225 83 391 0 1 1
1226 407 391 0 7 0
1227 286 391 0 2 0
1228 406 391 7 29 14
1229 203 391 428 933 178
1230 90 391 0 19 11
1231 441 391 9 52 11
1232 92 391 47 114 26
1233 86 391 0 1 0
1234 76 391 2 21 10
1235 368 391 7 39 16
1236 403 391 0 1 1
1237 82 391 2 6 2
1238 81 391 5 36 16
1239 91 391 0 3 0
1240 87 391 1 2 0
1241 426 391 0 4 3
1242 470 393 1 1 0
1243 458 393 11 13 0
1244 445 393 1 1 0
1245 242 394 5 7 0
1246 417 395 0 2 0
1247 407 395 0 233 0
1248 398 395 1 1 0
1249 397 395 3 3 0
1250 398 397 4 4 0
1251 407 397 0 12 0
1252 490 397 0 51 0
1253 338 398 1 1 0
1254 397 398 13 21 8
1255 490 398 2 17 2
1256 445 398 3 3 0
1257 407 400 0 2 0
1258 83 403 0 1 0
1259 286 403 0 78 2
1260 407 403 0 17 0
1261 81 403 3 16 0
1262 203 403 1202 1732 188
1263 90 403 4 11 5
1264 441 403 8 16 2
1265 92 403 168 223 16
1266 76 403 4 11 1
1267 391 403 12 23 6
1268 368 403 20 36 7
1269 82 403 1 1 0
1270 417 403 0 2 0
1271 91 403 1 4 0
1272 406 403 7 11 2
1273 426 403 1 2 0
1274 87 403 2 2 0
1275 407 405 0 1 0
1276 104 406 0 1 0
1277 426 406 2 12 3
1278 61 406 0 1 0
1279 82 406 4 5 1
1280 81 406 14 31 5
1281 87 406 9 12 1
1282 76 406 12 16 2
1283 92 406 576 673 23
1284 368 406 13 28 8
1285 203 406 606 1252 181
1286 90 406 5 23 5
1287 391 406 6 17 10
1288 83 406 0 1 0
1289 286 406 0 3 0
1290 407 406 0 6 0
1291 441 406 5 19 1
1292 398 409 1 1 0
1293 98 409 2 2 0
1294 466 409 4 4 0
1295 421 409 1 1 0
1296 158 409 1 1 0
1297 407 409 0 10 0
1298 380 409 6 6 0
1299 337 409 3 3 0
1300 454 409 1 1 0
1301 436 410 3 3 0
1302 407 410 0 13 0
1303 86 411 0 1 1
1304 203 411 16 27 1
1305 92 411 55 55 0
1306 489 412 1 1 0
1307 257 413 2 2 0
1308 336 413 14 14 0
1309 383 414 1 1 0
1310 407 414 0 6 0
1311 415 416 2 4 0
1312 407 416 0 1 1
1313 407 419 0 1 0
1314 352 419 1 1 0
1315 257 419 2 2 0
1316 336 419 6 6 0
1317 453 420 1 0 0
1318 466 421 2 2 0
1319 446 422 1 1 0
1320 222 423 0 3 0
1321 347 423 0 1 0
1322 323 423 16 65 58
1323 417 423 48 88 4
1324 407 423 0 1 0
1325 386 423 2 22 19
1326 335 425 4 5 1
1327 407 426 0 7 0
1328 286 426 2 11 1
1329 83 426 0 2 2
1330 441 426 10 46 27
1331 92 426 106 194 47
1332 86 426 1 1 0
1333 76 426 4 14 6
1334 87 426 27 39 11
1335 90 426 0 17 7
1336 203 426 625 1448 516
1337 82 426 0 1 1
1338 81 426 1 4 0
1339 403 426 0 1 0
1340 368 426 12 34 12
1341 391 426 4 15 7
1342 406 426 15 48 24
1343 91 426 0 4 1
1344 338 428 2 2 0
1345 181 428 1 1 0
1346 331 429 2 2 0
1347 348 429 4 4 0
1348 407 429 0 2 0
1349 259 430 2 2 0
1350 61 430 1 1 0
1351 74 430 0 12 0
1352 360 431 23 17 0
1353 38 432 1 1 0
1354 86 432 0 2 0
1355 229 432 2 2 0
1356 53 432 2 2 0
1357 417 432 0 8 0
1358 415 432 1 1 0
1359 336 432 3 3 0
1360 286 432 0 1 0
1361 407 432 0 17 0
1362 497 432 1 1 0
1363 490 432 0 1 0
1364 494 432 1 1 0
1365 164 432 0 1 0
1366 418 432 1 1 0
1367 200 433 1 1 0
1368 407 433 0 2 0
1369 286 433 1 1 0
1370 490 433 4 27 0
1371 170 433 0 1 0
1372 407 434 0 2 0
1373 331 435 1 1 0
1374 295 435 1 2 0
1375 458 435 1 2 1
1376 504 435 1 1 0
1377 490 438 0 6 0
1378 407 438 0 40 0
1379 398 438 1 1 0
1380 432 439 0 1 0
1381 415 439 1 1 0
1382 407 439 0 22 0
1383 490 439 0 1 0
1384 287 439 1 1 0
1385 229 439 1 1 0
1386 7 439 1 1 0
1387 426 441 0 3 1
1388 82 441 0 3 2
1389 81 441 1 9 1
1390 83 441 1 2 0
1391 286 441 0 1 0
1392 407 441 0 8 0
1393 76 441 0 3 1
1394 92 441 10 71 10
1395 368 441 0 2 1
1396 203 441 18 540 199
1397 391 441 1 11 2
1398 406 441 3 11 5
1399 417 441 1 0 0
1400 407 442 0 2 0
1401 217 442 3 3 0
1402 417 442 0 1 0
1403 490 442 0 1 0
1404 407 443 0 8 0
1405 385 444 1 1 0
1406 446 444 1 1 0
1407 336 444 1 1 0
1408 286 445 1 0 0
1409 295 445 0 1 0
1410 458 445 7 7 0
1411 417 445 0 1 0
1412 218 445 6 8 1
1413 398 445 7 7 0
1414 397 445 9 8 0
1415 174 445 0 1 0
1416 61 445 0 1 0
1417 402 447 1 1 0
1418 407 450 0 1 0
1419 203 451 1 2 0
1420 92 451 5 6 0
1421 407 451 0 13 0
1422 490 452 0 1 0
1423 407 452 0 1 0
1424 238 453 0 1 0
1425 272 453 0 2 2
1426 286 453 0 3 0
1427 298 453 1 39 3
1428 86 453 1 1 0
1429 407 453 0 3 0
1430 347 456 0 2 0
1431 43 458 1 1 0
1432 218 458 10 10 0
1433 295 458 0 3 0
1434 61 458 0 32 0
1435 371 458 1 1 0
1436 113 458 1 1 0
1437 60 458 1 1 0
1438 397 458 2 2 0
1439 240 459 2 2 0
1440 286 459 4 4 0
1441 371 459 1 0 0
1442 407 459 0 12 0
1443 417 459 0 3 0
1444 466 459 0 2 2
1445 459 460 1 1 0
1446 477 462 4 4 0
1447 490 463 0 1 0
1448 286 463 0 1 1
1449 100 463 0 1 1
1450 218 464 1 1 0
1451 55 464 50 52 0
1452 407 464 0 3 0
1453 174 466 0 1 1
1454 347 466 0 1 0
1455 407 466 0 5 0
1456 158 466 0 3 0
1457 386 466 0 2 0
1458 297 467 1 2 0
1459 312 467 1 1 0
1460 338 468 4 4 0
1461 49 469 0 2 0
1462 61 470 0 1 0
1463 186 470 0 1 0
1464 458 470 2 2 0
1465 164 470 0 5 0
1466 331 470 0 1 0
1467 144 470 1 1 0
1468 311 470 2 2 0
1469 150 470 3 6 1
1470 174 470 1 1 0
1471 158 470 2 4 0
1472 176 470 0 1 0
1473 407 470 0 4 0
1474 240 470 3 10 0
1475 254 470 0 1 0
1476 148 470 2 2 0
1477 417 470 0 1 0
1478 86 474 0 1 0
1479 470 474 1 1 0
1480 407 476 0 2 0
1481 226 477 0 1 0
1482 107 478 0 1 1
1483 504 478 3 3 0
1484 372 478 1 19 0
1485 407 478 0 1 0
1486 199 481 0 14 0
1487 326 481 0 2529 0
1488 290 481 0 20 0
1489 407 482 0 3 0
1490 351 483 18 19 0
1491 20 483 0 2 0
1492 407 483 0 1 0
1493 267 485 28 28 0
1494 360 487 2 3 0
1495 311 488 0 1 0
1496 286 488 1 0 0
1497 417 488 0 4 0
1498 347 488 0 1 0
1499 186 488 0 1 0
1500 193 488 2 2 0
1501 244 488 0 1 0
1502 327 488 0 1 0
1503 397 489 5 5 0
1504 458 489 3 5 0
1505 306 489 2 2 0
1506 218 489 4 7 0
1507 480 489 1 1 0
1508 273 489 1 1 0
1509 360 489 1 1 0
1510 407 489 0 33 0
1511 286 489 0 10 0
1512 140 489 1 1 0
1513 412 489 3 3 0
1514 490 489 0 5 0
1515 236 494 2 2 0
1516 266 497 0 1 0
1517 199 498 0 1 0
1518 290 498 0 1 0
1519 407 499 1 0 0
1520 320 500 8 8 0
1521 154 502 1 2 0
1522 158 502 1 1 0
1523 98 504 1 1 0
1524 318 504 5 15 0
